22.675 5.0
44.425 12.9
21.925 6.25
62.375 19.3
44.425 19.05
14.675 14.55
36.975 16.7
14.425 16.0
5.975 11.6
36.775 8.8
29.975 3.7
43.875 13.4
64.525 19.15
37.225 11.2
14.575 13.85
9.625 19.9
28.675 13.8
6.575 12.25
24.375 4.0
37.125 5.8
56.025 19.05
47.975 19.5
24.425 2.7
22.875 6.0
14.475 12.65
36.825 18.4
9.525 16.6
61.275 10.9
42.275 16.3
14.325 16.65
48.175 10.55
28.975 14.65
31.575 3.6
1.575 6.65
65.325 19.2
50.425 6.45
37.225 10.7
9.025 18.25
14.875 4.55
48.675 4.0
48.925 19.15
41.525 7.55
19.875 7.75
29.075 4.85
56.375 19.2
36.875 8.5
28.725 4.95
41.925 7.2
1.575 13.45
23.575 5.15
36.725 14.8
15.075 14.65
46.275 3.15
8.775 7.65
9.525 9.1
8.225 12.4
36.175 5.3
36.925 10.4
51.625 7.7
50.525 5.65
46.525 20.15
14.725 11.8
37.075 3.35
37.425 15.95
37.125 12.55
62.525 19.7
35.675 4.65
43.875 4.75
29.225 17.35
37.225 14.4
37.325 18.75
60.625 14.55
77.425 20.55
2.925 19.8
2.075 16.2
28.625 7.7
16.725 13.25
16.975 14.1
14.525 12.2
5.525 11.85
21.825 18.5
37.275 17.9
60.575 12.35
49.525 9.45
2.275 14.5
1.775 3.9
17.525 14.35
47.175 19.9
30.125 4.3
17.225 13.8
42.975 14.55
14.575 7.85
61.175 11.85
37.225 10.7
14.725 15.05
4.225 11.75
23.275 18.85
46.375 12.2
50.475 8.75
2.325 18.0
55.775 19.65
25.075 20.8
15.825 13.3
8.875 13.55
43.275 5.5
9.125 19.6
49.175 4.75
1.475 2.2
42.325 5.95
18.675 8.9
15.075 13.45
8.575 15.25
37.425 16.8
2.425 17.4
1.375 3.3
14.725 3.7
35.525 4.05
10.325 1.0
15.075 8.55
64.125 19.85
41.575 7.95
29.125 13.6
14.275 19.9
14.575 13.3
5.375 11.6
44.725 3.9
28.675 6.7
48.725 4.6
9.175 17.65
63.675 19.3
46.375 19.8
42.725 17.6
7.525 11.6
28.825 16.5
8.625 3.05
63.675 19.8
14.175 11.0
9.125 2.8
2.275 14.25
8.675 12.8
1.375 4.75
33.825 3.75
51.225 20.5
8.975 15.8
14.975 8.45
15.775 11.25
43.425 4.95
28.675 15.55
28.975 9.4
15.175 2.7
36.875 18.2
8.775 20.15
60.875 4.15
14.975 19.9
45.275 12.3
60.575 12.65
48.475 9.5
28.575 14.45
15.225 16.95
1.825 2.75
2.625 12.45
48.975 3.9
50.025 5.65
2.875 19.7
1.525 8.75
17.925 14.7
9.025 11.05
16.525 10.3
48.425 19.3
29.275 18.95
49.625 18.0
29.075 6.35
63.175 19.75
47.125 10.85
28.725 13.3
15.725 13.65
60.725 7.05
41.775 16.15
50.875 8.2
47.575 19.3
14.975 5.5
41.925 15.2
9.675 18.8
59.225 19.45
9.375 12.9
19.425 16.35
36.825 9.6
36.825 10.25
9.175 13.2
60.925 12.25
1.075 2.65
15.075 13.65
45.325 19.65
37.125 7.3
14.475 10.65
34.375 4.05
21.575 18.25
43.775 18.4
61.275 17.35
61.025 11.95
15.175 6.35
2.025 1.85
60.575 13.3
15.025 19.35
42.175 6.95
2.325 2.4
36.675 17.0
50.975 7.5
21.775 17.65
58.775 19.35
2.025 13.6
23.075 1.45
15.425 11.7
9.325 15.25
63.025 19.45
46.775 20.15
2.275 13.0
29.575 5.0
8.875 15.0
1.875 17.85
60.875 19.25
33.025 3.4
51.025 7.95
1.325 3.65
15.275 3.1
14.925 13.65
44.375 13.2
62.025 19.2
51.675 7.25
47.975 10.6
9.075 2.5
43.875 13.9
5.975 11.85
6.275 12.7
14.725 2.25
60.175 19.7
21.575 17.55
42.925 14.2
28.725 15.0
22.575 6.4
45.825 12.25
45.425 3.75
23.475 4.65
17.825 9.4
37.475 12.5
14.875 7.55
37.425 9.15
51.325 7.2
37.125 10.1
28.575 18.95
1.975 16.3
18.925 14.95
9.525 17.25
8.925 4.25
37.125 11.55
60.225 19.3
16.825 10.1
65.325 1.05
1.975 6.6
60.825 15.25
2.175 3.1
2.125 5.25
2.275 17.4
21.875 5.85
64.075 19.3
1.375 9.85
32.175 3.4
36.925 15.1
60.825 4.7
2.075 4.75
28.925 18.4
22.275 5.8
1.875 15.8
37.375 8.8
14.975 12.9
18.675 14.55
28.975 10.5
9.575 9.3
60.575 16.35
37.575 4.05
44.325 4.8
7.875 12.65
36.675 17.35
23.525 5.35
17.225 14.1
15.025 17.2
37.225 13.85
60.825 12.85
33.275 3.75
14.775 18.85
21.125 17.65
37.125 10.1
37.425 17.0
33.575 2.85
41.975 16.55
32.575 3.45
60.925 3.2
18.325 14.8
1.775 10.65
60.575 19.15
45.875 11.75
50.525 5.6
31.125 3.15
29.175 6.8
37.425 16.35
36.175 4.45
31.175 3.75
61.175 19.4
37.025 17.15
61.225 8.9
15.825 12.5
31.875 0.25
28.625 18.95
24.475 3.55
16.625 13.85
8.725 4.8
36.575 6.5
9.175 9.25
51.175 16.05
29.175 17.8
37.425 7.65
6.275 12.45
61.075 17.55
7.425 12.35
15.075 10.35
57.425 19.35
14.825 11.15
49.425 9.15
15.225 7.9
48.625 9.75
18.725 15.5
29.125 15.8
60.925 18.85
49.475 18.75
47.725 3.45
19.375 8.0
22.275 18.65
51.275 6.8
28.575 11.35
65.225 19.6
2.225 2.3
58.825 19.8
8.825 6.35
44.275 13.7
2.375 19.9
29.275 19.35
49.575 9.65
37.225 12.6
48.425 10.0
24.375 3.75
49.225 4.1
56.975 19.6
36.475 16.25
9.125 10.5
50.075 9.5
2.125 12.65
60.725 18.2
61.125 13.25
19.825 15.8
42.475 15.7
61.325 6.6
36.725 18.8
36.475 5.05
9.325 8.45
16.475 13.6
46.975 19.65
37.025 6.1
14.625 8.95
6.725 11.95
61.375 2.6
60.775 7.55
61.325 10.3
23.975 4.7
61.575 19.3
14.675 18.4
32.625 8.1
60.775 3.1
28.675 19.1
37.525 11.05
44.825 12.9
34.925 4.3
8.925 14.2
2.475 18.75
36.825 6.8
19.325 8.35
61.075 7.35
29.075 6.85
17.825 14.25
47.475 10.55
23.475 5.05
21.375 17.2
36.675 19.05
28.525 18.8
22.175 18.05
37.325 8.45
44.575 12.65
1.925 4.45
15.575 13.0
15.175 2.4
30.475 3.45
28.725 17.2
37.125 15.9
45.325 12.5
2.075 10.7
23.475 19.35
76.625 20.45
23.825 19.2
16.175 13.55
37.225 10.7
18.675 15.4
51.525 6.65
76.475 2.05
70.475 13.05
36.875 11.0
37.075 9.35
42.625 17.3
14.375 19.35
15.125 9.4
14.525 9.65
44.125 13.15
9.475 7.5
18.225 15.1
29.025 13.7
28.275 8.05
2.075 10.2
46.575 3.05
22.775 18.45
23.925 4.3
9.075 8.75
64.375 19.65
49.125 9.5
45.575 4.2
2.375 15.75
9.025 16.9
14.375 15.3
32.475 2.8
15.175 6.85
0.475 0.6
37.125 12.3
8.975 15.3
61.075 6.85
8.875 2.2
61.225 12.65
60.425 18.95
2.325 18.5
61.125 12.4
1.125 2.7
19.675 8.3
55.775 19.2
16.025 11.4
15.125 16.45
60.375 15.85
29.175 5.9
9.325 13.55
36.625 17.4
14.875 15.45
1.925 12.9
28.825 7.15
61.175 3.35
61.375 7.25
50.625 17.1
61.225 6.05
50.125 5.85
14.525 18.7
32.125 7.65
33.025 3.65
15.225 3.5
23.275 5.85
7.975 11.45
20.925 17.4
16.625 13.5
50.325 17.2
7.475 12.25
3.825 11.75
56.175 19.6
29.025 14.65
60.675 16.65
8.625 13.25
9.425 15.9
43.125 18.15
22.025 6.75
29.775 4.9
6.475 11.65
60.875 15.9
1.575 6.2
2.175 4.0
50.625 7.1
29.425 4.05
36.675 7.2
9.375 2.1
36.625 12.3
36.775 13.85
47.175 3.35
60.375 17.05
60.425 18.05
9.075 17.9
47.775 3.05
60.975 19.85
60.775 9.75
29.875 3.85
36.625 15.75
29.425 16.65
46.175 11.85
37.425 19.35
46.025 19.5
14.925 13.2
30.625 3.95
2.475 16.3
28.975 5.9
8.975 18.65
1.975 17.0
14.675 3.35
15.175 17.95
61.175 7.8
17.325 10.15
9.275 14.65
1.825 17.6
28.675 5.5
1.875 11.2
28.975 7.9
60.975 2.65
23.975 3.95
60.625 17.25
61.175 5.85
16.175 10.5
19.275 15.75
51.475 7.85
21.375 6.85
2.175 13.4
44.875 13.25
29.225 16.15
50.525 16.6
55.675 2.45
65.425 19.75
46.625 3.4
61.175 2.55
29.025 11.9
21.775 18.1
29.075 12.2
42.925 5.9
29.175 16.8
49.875 9.05
1.175 6.0
2.875 11.75
37.425 6.45
8.975 16.55
57.925 0.5
28.975 8.9
14.725 10.35
37.425 8.05
60.675 19.9
16.075 10.6
37.425 7.25
1.675 4.95
8.675 8.45
36.925 16.25
58.125 19.8
15.275 11.35
37.525 5.25
48.125 9.8
16.625 14.05
14.475 13.65
60.725 8.35
60.525 14.95
49.525 18.55
3.375 12.15
15.275 12.1
17.275 9.8
19.275 15.35
18.225 9.25
22.625 18.8
37.275 19.7
23.325 4.5
16.225 11.3
60.925 10.0
77.775 20.95
2.275 11.3
42.625 6.2
37.525 11.7
29.125 5.35
61.175 16.25
14.875 11.45
44.425 13.1
17.075 10.35
60.775 14.2
50.575 6.65
8.675 10.05
36.875 13.0
24.675 2.5
49.425 9.95
28.625 12.9
16.575 11.0
5.675 12.6
64.775 19.85
8.825 5.35
48.075 18.95
9.375 9.75
28.425 15.1
1.225 5.35
49.225 18.9
21.825 6.5
21.125 7.4
51.175 16.25
9.275 3.5
14.425 11.55
15.225 17.3
15.025 4.3
2.075 12.35
43.175 14.35
49.575 4.85
1.775 5.45
50.625 5.95
8.825 17.25
23.925 3.45
14.625 5.7
14.425 17.05
60.875 8.05
1.575 11.75
33.175 2.7
1.525 12.35
36.625 14.8
43.375 18.05
47.525 3.65
9.675 19.4
36.875 7.85
41.775 7.0
20.175 16.55
14.675 4.2
46.475 11.7
4.975 11.9
9.275 11.4
48.425 4.25
60.775 16.1
32.675 3.0
28.975 18.65
42.825 5.55
8.875 11.7
65.125 19.35
36.925 5.1
49.775 5.55
14.525 7.3
51.375 6.5
49.075 10.05
9.275 6.05
64.975 19.05
1.925 3.2
28.575 18.3
1.725 9.3
28.475 9.3
37.525 14.55
43.325 17.55
37.125 12.3
49.475 4.6
1.775 15.55
48.625 18.95
8.875 3.5
36.975 6.85
28.925 15.4
14.825 14.1
65.325 19.55
24.575 3.1
60.625 11.4
15.325 11.35
9.275 20.15
32.725 7.8
20.525 8.05
44.475 18.6
37.075 18.8
20.475 17.35
28.475 9.9
15.425 12.65
37.375 13.6
60.825 5.2
15.225 7.05
34.275 3.55
28.975 8.25
24.825 3.25
28.525 17.8
19.525 16.05
44.925 19.4
8.625 2.6
9.275 18.35
29.575 4.4
46.025 3.55
47.425 11.3
2.975 18.6
1.275 9.05
14.775 9.3
17.425 9.85
20.725 7.8
37.125 5.35
29.375 5.3
1.775 12.1
42.275 14.6
16.625 10.65
9.375 12.05
1.925 6.85
28.475 8.75
41.775 16.45
2.175 9.75
36.675 19.6
45.825 3.45
9.275 4.65
50.425 8.9
20.325 7.5
16.275 13.2
61.075 17.95
15.325 3.85
42.125 16.0
22.475 18.45
48.875 9.35
24.325 3.0
61.275 12.85
14.825 19.7
1.475 7.7
50.075 5.2
57.925 19.8
23.075 19.15
2.325 13.95
2.075 8.4
2.325 15.1
42.625 14.8
15.225 4.5
37.425 5.75
61.225 10.6
65.125 19.85
1.975 16.65
22.125 5.45
9.275 5.35
1.925 19.0
50.075 8.45
17.875 9.6
59.325 19.95
44.175 18.9
14.375 17.95
58.225 19.55
1.775 13.95
60.975 11.45
28.725 17.0
15.025 15.35
15.275 12.25
37.025 14.75
60.725 10.25
14.875 12.0
43.225 5.3
14.625 4.85
60.725 9.05
15.175 3.85
61.125 15.75
60.725 14.0
44.225 4.15
32.625 3.65
14.475 10.1
18.725 9.35
18.325 9.6
37.275 11.5
1.725 10.0
14.725 19.25
32.875 8.25
15.075 8.3
60.725 13.85
61.325 3.75
32.325 7.65
47.175 3.0
22.975 5.35
17.575 10.1
61.225 7.9
76.025 2.6
15.175 4.8
20.475 16.95
3.075 19.15
60.675 19.4
61.125 14.7
28.475 16.35
37.175 4.45
44.925 12.35
1.525 8.2
16.975 13.55
20.275 17.05
14.725 8.6
37.225 10.85
28.675 11.85
37.225 11.2
47.575 19.75
1.425 10.15
21.475 6.95
37.225 11.2
28.925 19.15
31.725 3.25
8.475 2.35
61.375 8.25
41.925 6.85
2.675 17.9
43.875 4.4
58.575 19.8
9.175 1.95
28.625 16.8
62.575 19.25
42.375 6.6
8.925 8.65
9.225 12.35
15.475 13.2
36.875 17.7
17.575 14.0
60.425 16.6
47.325 10.9
8.275 12.45
2.625 11.6
46.125 20.05
41.725 7.65
2.775 18.4
1.925 9.3
36.825 9.2
34.425 3.25
37.025 2.9
1.575 9.75
34.825 4.15
33.675 3.35
14.875 17.45
48.525 10.35
50.625 8.35
2.325 16.95
20.475 16.4
15.625 12.4
9.475 8.15
15.175 18.8
14.775 16.5
56.575 19.6
3.725 12.45
45.125 18.9
42.575 14.3
61.175 9.95
37.525 4.5
61.025 9.5
14.775 16.9
37.425 6.85
36.725 8.8
42.075 15.65
21.025 7.1
49.675 8.65
60.775 9.4
28.475 13.4
42.475 16.6
60.575 19.7
14.525 19.05
62.125 19.45
29.175 4.4
36.625 18.3
49.975 5.05
8.725 2.15
25.075 2.85
23.575 4.25
32.125 8.1
17.925 9.95
28.375 8.35
45.125 13.05
36.875 14.25
19.575 15.5
49.075 10.2
34.475 4.25
61.325 4.25
4.025 12.1
37.425 3.4
18.825 8.6
61.225 9.0
45.625 19.85
43.325 18.5
14.625 5.2
47.075 11.35
28.375 10.6
15.775 12.8
63.025 19.25
30.825 3.55
5.075 11.55
59.725 19.4
16.075 13.85
63.825 19.9
60.825 6.65
9.525 17.95
15.325 5.75
28.875 16.15
28.725 18.5
60.875 10.7
19.425 8.6
29.125 14.35
42.175 15.2
31.875 2.8
48.375 3.4
48.975 18.65
16.875 10.6
14.775 6.7
43.475 5.25
2.125 15.7
2.675 12.0
35.525 4.4
43.125 14.05
37.125 12.3
62.175 19.7
7.775 12.0
0.575 20.75
14.775 2.75
28.875 10.9
14.425 17.45
4.425 12.55
22.425 5.4
8.625 11.3
70.175 5.05
28.625 17.7
61.275 11.2
61.025 15.35
44.575 4.65
46.225 11.35
1.175 1.75
28.925 12.65
22.675 5.65
42.975 17.9
28.525 12.2
61.125 19.85
28.225 7.1
33.375 3.05
50.175 9.25
42.275 6.4
34.725 3.5
28.525 16.15
51.325 15.65
15.275 13.75
8.775 12.9
59.725 19.9
61.075 14.95
2.125 11.9
60.725 11.75
14.875 12.45
37.425 2.95
46.825 11.5
60.875 7.0
15.075 9.1
1.925 5.7
28.775 19.5
1.575 12.7
61.225 2.25
1.875 8.85
14.575 19.75
47.725 11.0
9.375 10.95
14.975 6.1
60.525 15.55
61.225 8.5
60.825 14.7
60.975 9.25
61.075 5.35
56.725 19.4
3.275 12.35
4.675 11.65
24.925 2.65
51.425 7.45
2.025 3.6
2.975 12.05
61.325 3.1
15.875 11.6
5.125 12.5
56.975 19.25
20.675 7.35
1.975 19.7
48.025 4.1
19.125 14.95
60.725 16.65
1.525 10.55
49.375 5.25
15.125 5.2
22.325 6.3
1.625 5.55
14.725 8.2
15.425 11.1
9.225 8.6
36.975 6.9
29.125 18.5
2.425 19.4
28.575 7.45
47.825 10.1
14.225 18.2
60.775 8.7
61.125 2.15
8.425 11.9
1.875 6.15
50.625 7.9
36.925 8.05
7.075 11.8
18.775 15.1
44.775 13.35
61.325 9.65
61.075 16.8
60.975 8.5
63.325 19.25
36.775 15.4
36.625 18.05
15.675 10.9
14.925 3.2
41.875 15.65
15.025 15.95
8.875 9.65
14.775 19.75
50.975 15.65
9.375 6.7
19.225 15.5
37.425 9.35
28.825 18.05
14.675 17.95
61.875 19.75
9.275 3.75
37.375 13.15
41.375 8.05
50.225 8.8
51.575 6.9
37.475 9.7
44.625 4.45
50.075 18.1
9.275 8.5
60.925 5.75
47.025 11.6
1.375 4.1
37.425 15.55
44.975 0.7
43.575 13.45
61.125 6.4
50.125 17.7
14.825 7.35
1.575 1.85
15.275 15.1
1.775 2.4
3.375 11.6
42.975 13.75
28.575 10.65
45.525 12.05
14.525 14.75
45.075 4.25
32.525 7.9
21.125 6.55
49.325 18.4
14.575 15.55
37.225 11.5
9.275 7.1
16.175 10.75
9.125 3.2
30.225 3.9
16.175 12.8
36.875 11.8
60.875 2.35
61.325 7.7
28.575 12.3
4.425 11.8
20.275 8.2
1.925 18.5
28.725 6.25
15.125 14.25
14.575 14.1
60.675 17.7
8.875 19.0
14.775 7.0
37.375 14.95
1.475 2.8
2.075 19.1
36.875 12.75
19.075 9.0
36.525 5.4
29.275 13.15
20.675 16.75
61.275 4.5
42.375 16.9
57.425 19.8
45.325 19.3
1.575 11.2
36.225 4.85
57.975 19.4
65.175 19.9
33.975 2.95
60.925 3.6
64.775 19.7
36.675 13.6
8.875 3.7
14.825 9.8
61.175 4.95
61.325 3.2
28.875 11.15
36.775 5.5
43.475 13.8
5.025 12.2
15.225 7.4
68.575 16.4
60.925 17.15
1.675 14.35
21.625 6.25
21.025 17.05
23.075 4.9
60.975 13.45
43.775 5.1
1.975 7.9
9.425 18.45
7.125 12.3
19.875 8.45
9.275 6.75
64.725 19.3
2.625 19.8
37.525 10.1
29.075 16.2
37.325 17.5
51.225 8.1
37.525 3.8
50.225 17.7
8.875 12.35
28.625 5.9
31.425 3.1
49.875 18.35
50.325 8.3
48.025 3.65
14.425 11.15
14.625 18.85
61.075 13.7
14.925 10.75
1.625 14.9
61.625 19.75
42.075 14.75
19.825 16.15
24.125 4.3
30.725 3.25
18.175 9.9
1.975 15.1
9.375 10.2
60.375 17.45
9.275 19.2
60.975 6.3
43.675 18.65
18.275 14.35
17.375 9.65
44.725 19.0
37.275 18.4
37.275 15.3
9.225 18.9
28.975 11.7
37.425 4.95
8.975 7.9
46.075 3.9
5.825 12.2
49.175 9.15
60.375 18.55
8.775 9.2
36.925 13.55
49.275 4.3
58.175 19.35
15.025 14.55
42.925 17.0
58.125 19.8
42.625 16.3
28.625 14.0
46.675 11.05
43.425 14.35
29.125 7.25
23.625 19.0
29.075 14.9
8.875 7.05
37.125 19.3
14.575 3.15
36.625 13.25
1.225 5.9
14.975 18.35
19.825 16.85
51.025 6.45
14.725 6.4
14.575 16.3
20.025 7.95
1.575 7.05
15.125 9.7
50.925 7.05
19.775 16.35
14.725 16.0
48.575 3.6
50.825 8.5
15.175 18.35
20.225 16.1
61.125 14.05
1.875 7.25
18.725 9.05
9.325 14.0
60.925 18.5
50.875 16.7
35.075 3.85
37.325 16.05
1.325 9.3
42.325 15.2
8.725 10.7
50.725 16.25
21.575 17.9
14.625 13.15
37.475 10.5
14.975 10.1
45.225 12.7
9.025 5.75
60.775 10.95
42.425 16.85
1.725 7.55
42.125 16.7
37.175 3.8
8.675 19.55
6.775 12.3
51.075 6.15
7.975 11.75
45.275 3.5
60.225 17.75
24.225 3.65
37.475 6.15
4.525 12.2
28.875 10.0
46.425 3.65
